2 1
3 1
4 1
5 2
6 1
7 1
8 1
9 1
10 2
11 4
12 1
13 6
14 1
15 2
16 1
17 1
18 1
19 5
20 2
21 1
22 4
23 6
24 1
25 8
26 6
27 1
28 1
29 8
30 2
31 1
32 1
33 4
34 1
35 6
36 1
37 3
38 5
39 6
40 2
41 10
42 1
43 6
44 4
45 2
46 6
47 8
48 1
49 1
50 8
51 1
52 6
53 9
54 1
55 6
56 1
57 5
58 8
59 3
60 2
61 8
62 1
63 1
64 1
65 13
66 4
67 10
68 1
69 6
70 6
71 7
72 1
73 3
74 3
75 8
76 5
77 18
78 6
79 9
80 2
81 1
82 10
83 6
84 1
85 2
86 6
87 8
88 4
89 8
90 2
91 19
92 6
93 1
94 8
95 15
96 1
97 8
98 1
99 4
100 8
101 5
102 1
103 12
104 6
105 6
106 9
107 14
108 1
109 12
110 6
111 3
112 1
113 1
114 5
115 12
116 8
117 6
118 3
119 6
120 2
121 13
122 8
123 10
124 1
125 8
126 1
127 12
128 1
129 6
130 13
131 26
132 4
133 5
134 10
135 2
136 1
137 28
138 6
139 15
140 6
141 14
142 7
143 18
144 1
145 18
146 3
147 1
148 3
149 12
150 8
151 1
152 5
153 1
154 18
155 3
156 6
157 21
158 9
159 9
160 2
161 6
162 1
163 22
164 10
165 6
166 6
167 4
168 1
169 14
170 2
171 5
172 6
173 21
174 8
175 12
176 4
177 3
178 8
179 12
180 2
181 15
182 19
183 8
184 6
185 4
186 1
187 11
188 8
189 1
190 15
191 16
192 1
193 9
194 8
195 13
196 1
197 17
198 4
199 4
200 8
201 10
202 5
203 29
204 1
205 11
206 12
207 6
208 6
209 9
210 6
211 19
212 9
213 13
214 14
215 7
216 1
217 18
218 12
219 3
220 6
221 18
222 3
223 12
224 1
225 8
226 1
227 24
228 5
229 22
230 12
231 18
232 8
233 9
234 6
235 29
236 3
237 9
238 6
239 40
240 2
241 1
242 13
243 1
244 8
245 6
246 10
247 28
248 1
249 6
250 8
251 10
252 1
253 24
254 12
255 2
256 1
257 32
258 6
259 10
260 13
261 8
262 26
263 8
264 4
265 10
266 5
267 8
268 10
269 37
270 2
271 16
272 1
273 19
274 28
275 12
276 6
277 20
278 15
279 1
280 6
281 25
282 14
283 17
284 7
285 15
286 18
287 30
288 1
289 8
290 18
291 8
292 3
293 30
294 1
295 13
296 3
297 4
298 12
299 21
300 8
301 20
302 1
303 5
304 5
305 10
306 1
307 12
308 18
309 12
310 3
311 30
312 6
313 47
314 21
315 6
316 9
317 11
318 9
319 29
320 2
321 14
322 6
323 9
324 1
325 30
326 22
327 12
328 10
329 26
330 6
331 4
332 6
333 3
334 4
335 13
336 1
337 19
338 14
339 1
340 2
341 5
342 5
343 1
344 6
345 12
346 21
347 16
348 8
349 41
350 12
351 6
352 4
353 19
354 3
355 8
356 8
357 6
358 12
359 24
360 2
361 34
362 15
363 13
364 19
365 4
366 8
367 23
368 6
369 10
370 4
371 34
372 1
373 3
374 11
375 8
376 8
377 15
378 1
379 10
380 15
381 12
382 16
383 14
384 1
385 24
386 9
387 6
388 8
389 7
390 13
391 17
392 1
393 26
394 17
395 10
396 4
397 10
398 4
399 5
400 8
401 11
402 10
403 19
404 5
405 2
406 29
407 15
408 1
409 4
410 11
411 28
412 12
413 15
414 6
415 7
416 6
417 15
418 9
419 19
420 6
421 27
422 19
423 14
424 9
425 8
426 13
427 16
428 14
429 18
430 7
431 29
432 1
433 20
434 18
435 18
436 12
437 26
438 3
439 4
440 6
441 1
442 18
443 30
444 3
445 9
446 12
447 12
448 1
449 61
450 8
451 52
452 1
453 1
454 24
455 30
456 5
457 22
458 22
459 1
460 12
461 9
462 18
463 33
464 8
465 3
466 9
467 25
468 6
469 20
470 29
471 21
472 3
473 68
474 9
475 21
476 6
477 9
478 40
479 43
480 2
481 14
482 1
483 6
484 13
485 22
486 1
487 24
488 8
489 22
490 6
491 18
492 10
493 18
494 28
495 6
496 1
497 10
498 6
499 17
500 8
501 4
502 10
503 15
504 1
505 28
506 24
507 14
508 12
509 18
510 2
511 3
512 1
513 5
514 32
515 21
516 6
517 11
518 10
519 21
520 13
521 53
522 8
523 36
524 26
525 12
526 8
527 20
528 4
529 47
530 10
531 3
532 5
533 28
534 8
535 15
536 10
537 12
538 37
539 18
540 2
541 23
542 16
543 15
544 1
545 18
546 19
547 27
548 28
549 8
550 12
551 41
552 6
553 9
554 20
555 4
556 15
557 29
558 1
559 35
560 6
561 11
562 25
563 24
564 14
565 12
566 17
567 1
568 7
569 11
570 15
571 40
572 18
573 16
574 30
575 53
576 1
577 7
578 8
579 9
580 18
581 27
582 8
583 22
584 3
585 13
586 30
587 61
588 1
589 25
590 13
591 17
592 3
593 97
594 4
595 22
596 12
597 10
598 21
599 28
600 8
601 82
602 20
603 10
604 1
605 15
606 5
607 18
608 5
609 29
610 10
611 43
612 1
613 78
614 12
615 11
616 18
617 19
618 12
619 40
620 3
621 6
622 30
623 11
624 6
625 8
626 47
627 9
628 21
629 36
630 6
631 14
632 9
633 19
634 11
635 13
636 9
637 19
638 29
639 13
640 2
641 33
642 14
643 16
644 6
645 7
646 9
647 56
648 1
649 27
650 30
651 18
652 22
653 34
654 12
655 33
656 10
657 3
658 26
659 46
660 6
661 3
662 4
663 18
664 6
665 19
666 3
667 82
668 4
669 12
670 13
671 34
672 1
673 21
674 19
675 8
676 14
677 23
678 1
679 52
680 2
681 24
682 5
683 28
684 5
685 29
686 1
687 22
688 6
689 20
690 12
691 52
692 21
693 18
694 16
695 16
696 8
697 21
698 41
699 9
700 12
701 37
702 6
703 21
704 4
705 35
706 19
707 5
708 3
709 43
710 8
711 15
712 8
713 11
714 6
715 38
716 12
717 40
718 24
719 26
720 2
721 19
722 34
723 1
724 15
725 31
726 13
727 54
728 19
729 1
730 4
731 39
732 8
733 68
734 23
735 6
736 6
737 42
738 10
739 56
740 4
741 28
742 34
743 9
744 1
745 13
746 3
747 6
748 11
749 14
750 8
751 27
752 8
753 10
754 15
755 3
756 1
757 25
758 10
759 24
760 15
761 26
762 12
763 16
764 16
765 2
766 14
767 23
768 1
769 41
770 24
771 38
772 9
773 23
774 6
775 9
776 8
777 10
778 7
779 19
780 13
781 58
782 17
783 8
784 1
785 22
786 26
787 33
788 17
789 8
790 10
791 3
792 4
793 33
794 10
795 10
796 4
797 21
798 5
799 20
800 8
801 8
802 11
803 43
804 10
805 16
806 19
807 37
808 5
809 15
810 2
811 50
812 29
813 16
814 15
815 23
816 1
817 34
818 4
819 19
820 11
821 38
822 28
823 21
824 12
825 12
826 15
827 29
828 6
829 11
830 7
831 20
832 6
833 18
834 15
835 5
836 9
837 1
838 19
839 21
840 6
841 34
842 27
843 25
844 19
845 21
846 14
847 37
848 9
849 17
850 8
851 19
852 13
853 50
854 16
855 15
856 14
857 39
858 18
859 34
860 7
861 30
862 29
863 34
864 1
865 32
866 20
867 8
868 18
869 38
870 18
871 25
872 12
873 8
874 26
875 12
876 3
877 25
878 4
879 30
880 6
881 33
882 1
883 15
884 18
885 13
886 30
887 53
888 3
889 29
890 9
891 4
892 12
893 26
894 12
895 18
896 1
897 21
898 61
899 70
900 8
901 25
902 52
903 20
904 1
905 20
906 1
907 28
908 24
909 5
910 30
911 33
912 5
913 22
914 22
915 10
916 22
917 59
918 1
919 33
920 12
921 12
922 9
923 25
924 18
925 10
926 33
927 12
928 8
929 30
930 3
931 5
932 9
933 30
934 25
935 15
936 6
937 27
938 20
939 47
940 29
941 75
942 21
943 33
944 3
945 6
946 68
947 26
948 9
949 29
950 21
951 11
952 6
953 41
954 9
955 17
956 40
957 29
958 43
959 62
960 2
961 57
962 14
963 14
964 1
965 10
966 6
967 30
968 13
969 9
970 22
971 54
972 1
973 27
974 24
975 30
976 8
977 80
978 22
979 48
980 6
981 12
982 18
983 19
984 10
985 18
986 18
987 32
988 28
989 85
990 6
991 89
992 1
993 4
994 10
995 5
996 6
997 76
998 17
999 3