1 5
2 10
3 15
4 20
5 30
6 37
7 40
8 43
9 45
10 59
11 60
12 61
13 73
14 74
15 80
16 85
17 86
18 90
19 97
20 101
21 103
22 107
23 111
24 118
25 120
26 122
27 127
28 129
29 135
30 139
31 146
32 148
33 160
34 167
35 170
36 172
37 177
38 180
39 183
40 194
41 199
42 202
43 206
44 214
45 219
46 222
47 236
48 240
49 244
50 254
51 255
52 258
53 270
54 277
55 278
56 291
57 292
58 296
59 303
60 307
61 309
62 313
63 317
64 320
65 321
66 331
67 333
68 334
69 340
70 344
71 347
72 353
73 354
74 360
75 366
76 367
77 373
78 381
79 387
80 388
81 389
82 398
83 401
84 404
85 405
86 409
87 412
88 417
89 428
90 438
91 439
92 444
93 472
94 480
95 488
96 499
97 501
98 508
99 509
100 510
101 511
102 516
103 523
104 531
105 540
106 549
107 554
108 556
109 557
110 563
111 571
112 577
113 582
114 584
115 592
116 606
117 607
118 614
119 618
120 626
121 631
122 634
123 640
124 642
125 647
126 653
127 657
128 661
129 662
130 666
131 668
132 673
133 680
134 688
135 694
136 706
137 707
138 708
139 720
140 732
141 734
142 743
143 746
144 749
145 751
146 762
147 765
148 774
149 776
150 778
151 791
152 796
153 802
154 808
155 809
156 810
157 818
158 821
159 824
160 827
161 831
162 834
163 856
164 857
165 873
166 876
167 877
168 878
169 881
170 888
171 907
172 909
173 911
174 919
175 921
176 927
177 939
178 944
179 947
180 951
181 960
182 963
183 971
184 976
185 983
186 993
187 997
188 998
189 999
