1 55
2 65
3 91
4 110
5 115
6 121
7 130
8 137
9 165
10 182
11 195
12 205
13 213
14 220
15 221
16 230
17 235
18 242
19 260
20 273
21 274
22 295
23 330
24 335
25 337
26 345
27 355
28 361
29 363
30 364
31 390
32 391
33 403
34 407
35 410
36 411
37 419
38 426
39 440
40 442
41 460
42 467
43 470
44 481
45 484
46 485
47 495
48 497
49 503
50 505
51 517
52 520
53 546
54 548
55 585
56 587
57 589
58 590
59 593
60 599
61 615
62 617
63 637
64 639
65 659
66 660
67 663
68 670
69 674
70 683
71 690
72 697
73 703
74 710
75 722
76 726
77 728
78 731
79 763
80 771
81 780
82 782
83 785
84 799
85 806
86 811
87 814
88 815
89 817
90 819
91 820
92 822
93 838
94 841
95 851
96 852
97 853
98 865
99 880
100 884
101 885
102 887
103 901
104 920
105 934
106 940
107 949
108 955
109 962
110 968
111 970
112 985
113 990
114 991
115 994
