1 2
2 3
3 4
4 6
5 7
6 8
7 9
8 12
9 14
10 16
11 17
12 18
13 21
14 24
15 27
16 28
17 31
18 32
19 34
20 36
21 42
22 48
23 49
24 51
25 54
26 56
27 62
28 63
29 64
30 68
31 72
32 81
33 84
34 93
35 96
36 98
37 102
38 108
39 112
40 113
41 124
42 126
43 128
44 136
45 144
46 147
47 151
48 153
49 162
50 168
51 186
52 189
53 192
54 196
55 204
56 216
57 224
58 226
59 241
60 243
61 248
62 252
63 256
64 272
65 279
66 288
67 294
68 302
69 306
70 324
71 336
72 339
73 343
74 372
75 378
76 384
77 392
78 408
79 432
80 441
81 448
82 452
83 453
84 459
85 482
86 486
87 496
88 504
89 512
90 544
91 558
92 567
93 576
94 588
95 604
96 612
97 648
98 672
99 678
100 686
101 723
102 729
103 744
104 756
105 768
106 784
107 816
108 837
109 864
110 882
111 896
112 904
113 906
114 918
115 964
116 972
117 992
