1 11
2 13
3 19
4 22
5 23
6 25
7 26
8 29
9 33
10 35
11 38
12 39
13 44
14 46
15 47
16 50
17 52
18 53
19 57
20 58
21 66
22 67
23 69
24 70
25 75
26 76
27 78
28 79
29 83
30 87
31 88
32 89
33 92
34 94
35 99
36 100
37 104
38 105
39 106
40 114
41 116
42 117
43 119
44 125
45 132
46 133
47 134
48 138
49 140
50 149
51 150
52 152
53 155
54 156
55 158
56 159
57 161
58 166
59 171
60 173
61 174
62 176
63 178
64 184
65 185
66 188
67 193
68 198
69 200
70 201
71 207
72 208
73 210
74 212
75 215
76 217
77 223
78 225
79 227
80 228
81 232
82 233
83 234
84 237
85 238
86 245
87 249
88 250
89 259
90 261
91 263
92 264
93 266
94 267
95 268
96 269
97 276
98 280
99 281
100 283
101 289
102 297
103 298
104 300
105 301
106 304
107 310
108 312
109 315
110 316
111 318
112 322
113 332
114 342
115 346
116 348
117 349
118 351
119 352
120 356
121 357
122 365
123 368
124 370
125 375
126 376
127 379
128 383
129 386
130 396
131 397
132 399
133 400
134 402
135 413
136 414
137 416
138 420
139 421
140 424
141 425
142 427
143 430
144 434
145 446
146 447
147 450
148 454
149 456
150 457
151 461
152 463
153 464
154 465
155 466
156 468
157 474
158 476
159 477
160 483
161 490
162 491
163 498
164 500
165 513
166 518
167 519
168 522
169 526
170 527
171 528
172 532
173 534
174 535
175 536
176 538
177 547
178 552
179 553
180 555
181 560
182 562
183 565
184 566
185 569
186 578
187 579
188 594
189 596
190 597
191 600
192 602
193 603
194 608
195 619
196 620
197 621
198 624
199 625
200 629
201 630
202 632
203 635
204 636
205 641
206 643
207 644
208 645
209 651
210 664
211 669
212 675
213 677
214 681
215 684
216 692
217 695
218 696
219 698
220 699
221 701
222 702
223 704
224 709
225 712
226 714
227 721
228 730
229 735
230 736
231 740
232 747
233 750
234 752
235 755
236 757
237 758
238 761
239 766
240 769
241 772
242 773
243 777
244 783
245 787
246 789
247 792
248 794
249 798
250 800
251 801
252 804
253 807
254 823
255 826
256 828
257 829
258 832
259 835
260 840
261 842
262 843
263 848
264 849
265 850
266 854
267 859
268 860
269 867
270 868
271 883
272 891
273 892
274 894
275 900
276 903
277 908
278 912
279 914
280 922
281 926
282 928
283 930
284 931
285 932
286 936
287 941
288 945
289 948
290 952
291 953
292 954
293 961
294 966
295 967
296 980
297 982
298 995
299 996
