1 41
2 71
3 82
4 109
5 123
6 141
7 142
8 157
9 163
10 164
11 169
12 175
13 179
14 181
15 187
16 191
17 197
18 211
19 218
20 229
21 246
22 251
23 257
24 265
25 271
26 282
27 284
28 293
29 305
30 311
31 314
32 323
33 326
34 327
35 328
36 338
37 341
38 350
39 358
40 362
41 369
42 371
43 374
44 382
45 394
46 395
47 415
48 422
49 423
50 433
51 436
52 445
53 449
54 458
55 469
56 471
57 487
58 489
59 492
60 493
61 502
62 507
63 514
64 515
65 521
66 525
67 530
68 537
69 541
70 542
71 543
72 561
73 564
74 568
75 573
76 581
77 586
78 591
79 610
80 613
81 622
82 623
83 628
84 633
85 646
86 652
87 654
88 656
89 676
90 679
91 682
92 687
93 700
94 711
95 713
96 716
97 724
98 727
99 738
100 739
101 742
102 745
103 748
104 753
105 764
106 775
107 788
108 790
109 795
110 797
111 813
112 830
113 833
114 844
115 846
116 866
117 872
118 875
119 879
120 889
121 890
122 898
123 915
124 916
125 925
126 933
127 937
128 938
129 942
130 965
131 969
132 973
133 974
134 977
135 978
136 981
137 984
138 986
