1 77
2 95
3 131
4 145
5 154
6 190
7 203
8 209
9 231
10 247
11 262
12 275
13 285
14 290
15 299
16 308
17 329
18 377
19 380
20 393
21 406
22 418
23 431
24 435
25 437
26 443
27 462
28 494
29 524
30 529
31 539
32 545
33 550
34 559
35 570
36 580
37 595
38 598
39 609
40 616
41 627
42 658
43 685
44 689
45 693
46 705
47 737
48 741
49 754
50 760
51 767
52 786
53 803
54 805
55 812
56 825
57 836
58 839
59 845
60 855
61 862
62 870
63 871
64 874
65 886
66 895
67 897
68 905
69 913
70 924
71 929
72 979
73 988
