0 1
1 3
2 6
3 24
4 120
5 840
6 6720
7 60480
8 604800
9 6652800
10 79833600
11 1037836800
12 14529715200
13 217945728000
14 3487131648000
15 59281238016000
16 1067062284288000
17 20274183401472000
18 405483668029440000
19 8515157028618240000
20 187333454629601280000
21 4308669456480829440000
22 107716736412020736000000
23 2800635146712539136000000
24 75617148961238556672000000
25 2117280170914679586816000000
26 61401124956525708017664000000
27 1842033748695771240529920000000
28 57103046209568908456427520000000
29 1827297478706205070605680640000000
30 60300816797304767329987461120000000
31 2050227771108362089219573678080000000
32 71757971988792673122685078732800000000
33 2583286991596536232416662834380800000000
34 95581618689071840599416524872089600000000
35 3632101510184729942777827945139404800000000
36 141651958897204467768335289860436787200000000
37 5666078355888178710733411594417471488000000000
38 232309212591415327140069875371116331008000000000
39 9756986928839443739882934765586885902336000000000
40 419550437940096080814966194920236093800448000000000
41 18460219269364227555858512576490388127219712000000000
42 830709867121390240013633065942067465724887040000000000
43 38212653887583951040627121033335103423344803840000000000
44 1795994732716445698909474688566749860897205780480000000000
45 86207747170389393547654785051203993323065877463040000000000
46 4224179611349080283835084467508995672830227995688960000000000
47 211208980567454014191754223375449783641511399784448000000000000
48 10771658008940154723779465392147938965717081389006848000000000000
49 560126216464888045636532200391692826217288232228356096000000000000
